Jam-1
6
1 2 0 2
0 1 1 3
0 0 0 2
3 1 1 3
2 5 0 3
0 4 1 2
4 4 0 2
5 0 1 3
.
Jam-2
6
0 2 0 2
0 0 1 2
0 3 0 3
0 5 0 2
2 4 1 2
3 0 0 3
3 1 1 2
4 2 1 2
4 4 0 2
3 5 0 2
5 1 1 3
.
Jam-3
6
1 2 0 2
1 3 0 2
3 2 1 3
1 4 1 2
2 5 0 2
5 3 1 3
.
Jam-4
6
1 2 0 2
2 3 1 2
3 3 0 3
0 0 1 3
5 4 1 2
3 0 1 3
2 5 0 3
.
Jam-5
6
1 2 0 2
0 0 0 2
4 1 1 3
4 5 0 2
0 4 1 2
3 0 1 3
5 0 1 2
1 3 0 3
4 4 0 2
5 2 1 2
0 1 1 3
.
Jam-6
6
1 2 0 2
0 0 0 2
3 2 1 3
0 4 1 2
0 3 0 2
4 1 1 3
3 0 1 2
0 1 0 2
2 3 1 2
3 5 0 3
5 1 1 3
.
Jam-7
6
1 2 0 2
1 0 1 2
3 4 1 2
5 2 1 2
5 0 1 2
2 0 0 2
4 0 1 2
3 1 1 2
2 3 0 2
.
Jam-8
6
0 2 0 2
3 0 0 2
3 5 0 3
0 3 0 2
2 2 1 2
5 0 1 3
2 1 0 2
4 1 1 2
3 2 1 2
4 3 0 2
3 4 0 3
0 4 0 2
2 4 1 2
0 5 0 2
.
Jam-9
6
0 2 0 2
1 0 1 2
1 3 0 3
5 2 1 2
3 1 1 2
4 2 1 3
2 0 0 2
4 0 0 2
4 1 0 2
2 4 1 2
0 3 1 3
5 4 1 2
.
Jam-10
6
1 2 0 2
0 0 0 2
1 3 0 3
4 4 0 2
0 1 0 2
5 1 1 3
2 0 1 2
4 0 0 2
3 4 1 2
0 5 0 2
0 2 1 3
4 5 0 2
.
Jam-11
6
1 2 0 2
1 0 0 2
3 3 0 3
2 5 0 3
0 0 1 3
2 3 1 2
5 4 1 2
3 0 1 3
.
Jam-12
6
0 2 0 2
0 0 1 2
3 3 0 3
0 5 0 3
5 0 1 3
1 0 0 2
4 4 1 2
2 1 1 3
.
Jam-13
6
3 2 0 2
0 0 0 2
4 4 0 2
3 3 0 2
2 1 1 2
5 1 1 3
2 0 0 2
4 0 1 2
1 2 1 2
3 4 1 2
0 3 1 3
1 5 0 2
4 5 0 2
.
Jam-14
6
2 2 0 2
0 0 0 2
4 4 0 2
4 2 1 2
0 2 1 2
0 5 0 2
2 0 1 2
4 1 0 2
1 2 1 2
5 2 1 2
2 4 1 2
2 3 0 2
.
Jam-15
6
2 2 0 2
1 0 0 2
0 2 1 3
3 3 1 2
2 1 0 2
4 1 1 3
3 0 0 2
0 1 0 2
2 3 1 2
4 4 0 2
5 1 1 3
1 2 1 3
1 5 0 2
3 5 0 2
.
Jam-16
6
3 2 0 2
0 0 0 2
3 3 0 3
1 2 1 2
0 1 1 2
5 0 1 3
2 0 0 2
4 0 1 2
2 1 0 2
0 5 0 2
2 2 1 3
.
Jam-17
6
0 2 0 2
0 0 1 2
0 4 0 3
4 4 1 2
2 2 1 2
1 0 0 3
2 1 0 2
4 1 0 2
0 3 0 2
5 4 1 2
3 3 1 3
0 5 0 3
.
Jam-18
6
1 2 0 2
0 0 0 2
1 3 0 3
0 5 0 3
1 4 0 2
3 0 1 3
2 0 1 2
0 1 0 2
0 2 1 3
.
Jam-19
6
2 2 0 2
2 0 1 2
4 3 1 2
1 2 1 2
1 4 0 3
3 0 0 2
4 1 1 2
2 3 0 2
.
Jam-20
6
0 2 0 2
0 0 1 2
3 5 0 3
3 4 0 2
2 2 1 2
3 0 0 3
1 1 0 2
3 1 1 2
2 4 1 2
5 2 1 3
.
Jam-21
6
1 2 0 2
0 0 0 2
1 3 0 3
3 5 0 3
3 0 1 3
2 0 1 2
0 1 1 3
.
Jam-22
6
1 2 0 2
2 0 1 2
1 5 0 3
0 4 1 2
1 3 1 2
3 0 0 3
0 1 1 2
4 1 0 2
4 3 0 2
2 4 0 2
3 1 1 3
5 4 1 2
.
Jam-23
6
3 2 0 2
2 1 1 2
2 5 0 3
4 4 0 2
3 3 1 2
2 0 0 3
3 1 0 2
2 3 1 2
4 3 0 2
5 0 1 3
.
Jam-24
6
2 2 0 2
2 0 1 2
0 5 0 2
1 3 0 2
0 2 1 2
0 4 0 3
3 0 0 2
1 1 1 2
4 2 1 2
4 4 1 2
.
Jam-25
6
1 2 0 2
0 0 0 2
1 3 0 3
1 4 1 2
0 1 0 2
5 1 1 3
2 0 1 2
4 0 0 2
4 2 1 2
3 4 1 2
0 2 1 3
4 4 0 2
4 5 0 2
.
Jam-26
6
1 2 0 2
1 0 1 2
3 5 0 2
2 4 1 2
5 2 1 2
3 0 0 3
0 1 1 2
3 1 1 2
0 3 1 2
5 4 1 2
1 3 0 3
4 1 1 3
.
Jam-27
6
0 2 0 2
0 0 1 2
3 5 0 3
2 4 1 2
2 2 1 2
3 0 1 3
1 0 0 2
1 1 0 2
3 3 0 2
5 2 1 3
.
Jam-28
6
0 2 0 2
3 0 1 2
2 4 0 3
0 5 0 2
1 3 1 2
0 0 0 3
4 1 0 2
0 3 1 2
3 3 0 2
2 5 0 2
2 1 1 3
5 3 1 3
.
Jam-29
6
0 2 0 2
2 1 1 2
0 5 0 3
1 4 0 2
1 3 0 2
0 0 0 3
5 2 1 2
0 3 1 2
3 3 0 2
3 4 1 2
4 0 1 3
5 4 1 2
.
Jam-30
6
1 2 0 2
2 0 1 2
5 3 1 3
2 5 0 2
2 3 0 2
0 0 1 3
3 1 1 2
0 3 0 2
0 5 0 2
3 0 0 3
.
Jam-31
6
1 2 0 2
0 0 0 2
2 3 1 3
0 4 0 2
0 2 1 2
3 0 0 3
3 1 1 2
4 1 0 2
3 3 0 2
3 5 0 3
5 2 1 3
.
Jam-32
6
0 2 0 2
0 0 0 2
0 5 0 2
3 3 0 2
0 3 1 2
2 0 1 3
3 0 1 2
4 0 0 2
1 3 0 2
3 4 1 2
5 3 1 3
.
Jam-33
6
0 2 0 2
1 0 1 2
0 5 0 3
1 4 0 2
1 3 0 2
2 0 1 3
4 0 0 2
4 4 1 2
3 3 0 2
3 4 1 2
5 3 1 3
0 3 1 2
.
Jam-34
6
0 2 0 2
0 0 1 2
0 3 0 3
4 4 0 2
3 3 1 2
3 0 0 3
3 1 1 2
4 2 1 2
2 4 1 2
3 5 0 2
5 1 1 3
0 5 0 2
.
Jam-35
6
0 2 0 2
3 0 0 2
1 3 0 3
4 4 1 2
1 4 0 2
2 0 1 3
3 1 1 2
0 3 1 2
3 4 1 2
0 5 0 2
5 0 1 3
.
Jam-36
6
2 2 0 2
4 0 0 2
5 1 1 3
4 4 0 2
3 3 1 2
0 0 1 3
1 1 1 2
2 1 0 2
2 4 1 2
0 5 0 2
1 0 0 3
0 3 0 3
.
Jam-37
6
1 2 0 2
0 0 0 2
0 2 1 3
4 4 0 2
0 1 0 2
4 1 1 3
2 0 1 2
4 0 0 2
3 4 1 2
0 5 0 2
5 1 1 3
1 3 0 3
4 5 0 2
.
Jam-38
6
0 2 0 2
0 0 1 2
3 5 0 3
2 4 1 2
2 2 1 2
3 0 0 3
1 1 0 2
3 1 1 2
3 3 0 2
3 4 0 2
5 2 1 3
.
Jam-39
6
0 2 0 2
2 0 1 2
5 2 1 3
0 4 1 2
0 3 0 2
3 0 0 3
3 1 1 2
2 2 1 2
3 3 0 2
1 4 1 2
2 4 0 2
2 5 0 2
.
Jam-40
6
3 2 0 2
1 0 0 2
0 3 0 3
2 4 1 2
2 1 1 2
0 0 1 3
4 0 1 2
1 1 1 2
3 3 1 2
4 4 0 2
5 1 1 3
0 5 0 2
3 5 0 2
.
